25420
5214
32698
2529
28391
15572
1473
21964
23647
16123
25818
14357
9740
17054
8503
29042
25050
15816
28994
21752
29595
11726
8845
26938
14754
24975
19212
9397
26509
14587
6786
18796
866
32210
24633
9167
14558
14766
6390
12513
30473
11588
6444
28570
3086
19687
10096
24970
13130
26190
6957
32448
18851
21398
21401
8426
7195
24458
6887
10686
1188
16163
18879
26776
18743
17483
16107
868
28960
11750
32595
26302
1180
14611
4651
344
27301
22447
28011
20124
22797
12316
1663
29843
2762
19008
23360
30982
12433
3536
1828
20963
20390
30158
14513
21729
754
7504
6968
19047
21078
2436
2239
10155
5183
21745
6207
13335
3450
8191
23568
7664
17226
27322
25761
16953
13240
15315
23404
11221
26667
14567
18985
3565
5688
5124
25154
15761
17083
29290
22664
28322
6951
12430
10532
14319
31002
10085
22480
8862
17461
22238
71
18638
9770
6577
19193
18298
17686
18007
6660
1952
30738
24921
608
8867
10756
17614
25945
26095
24252
24863
15939
14811
3644
31502
30825
28627
19030
2807
24902
15286
25213
8533
2808
23677
31189
29831
13041
14366
17292
31701
240
28335
22893
15278
12847
10447
24754
10035
1246
9538
28954
15098
30673
18907
29244
13579
12918
15263
25371
3631
10505
16935
16378
6251
20747
31302
31346
26311
31216
7148
14273
25171
7704
22346
18789
12396
16384
3383
5098
20028
10170
26323
22528
1408
5274
4202
4560
7822
14131
7067
25232
29590
1921
19641
14421
18728
19304
22385
10281
4086
24925
20141
11870
29660
9060
19385
18722
23581
30266
4260
8531
16624
22739
10730
13716
31291
2055
21327
15264
27550
2696
9230
11230
12723
14615
17971
11062
13460
5879
15686
18212
17310
3746
41
14346
7797
26300
27203
7627
3912
837
18399
27285
31319
18194
462
28670
1714
10622
11348
16979
17475
21597
32066
26156
29454
24113
27999
31812
20408
29857
2316
24456
2374
2854
13352
26990
17448
25096
25906
20616
20086
31113
7085
21849
27001
17759
5577
12647
19565
13416
2367
31889
17541
24730
25469
31907
5680
31545
21763
4904
923
18764
11277
15744
7287
17489
17010
23346
15100
13104
716
11907
21038
20334
18649
19271
29023
19107
8481
26615
8437
18478
11225
17668
31853
7975
9992
7787
11680
30869
25576
23434
11589
7649
11151
28977
27832
2955
22222
10749
19706
7196
7514
18657
1784
24412
24617
14854
26896
29124
29471
17877
3537
26678
10730
31314
28674
9196
11307
16043
32742
8879
21718
17680
7615
8009
8411
20166
7569
5692
28934
30327
14376
692
8995
29901
3420
26555
18023
4927
7060
31148
28427
16682
20617
31722
27962
32547
5965
9937
27437
5260
1931
10733
13973
17253
6672
7786
14649
28261
1674
32204
25824
25929
11920
28897
5745
19309
14819
2803
13401
19609
18420
17729
3117
5149
23206
20145
13200
14880
24148
959
28760
6965
29462
8889
27628
20015
23360
4142
13808
11319
13100
16292
23077
7963
22074
5257
3466
10729
5396
20332
14024
24509
8503
23405
21964
15575
20911
4082
3766
5616
9505
15004
23538
4558
9487
1402
11172
24855
3672
3452
27722
10339
25342
15658
19613
20628
18732
16277
12983
12650
23416
8078
11899
19026
20069
26391
27442
32127
3884
21271
25714
316
16316
28498
25156
31617
13311
11927
133
31684
21599
21307
17805
18193
2441
15303
3087
10845
5488
26606
17472
18200
32149
18882
20540
3585
27271
14119
32677
23614
8357
3975
28301
28332
30251
27079
19350
8052
27245
24186
18775
8671
16989
16981
16130
12395
20051
25827
15428
24862
15630
10106
5229
5146
8182
110
9425
12402
1187
16004
23150
9020
18339
8362
15055
21735
1144
5605
29744
2255
18145
14730
14562
23311
24923
24497
27121
20630
3302
17895
21765
11646
13836
15395
2438
1433
6944
23036
2307
15180
8132
5144
22229
24736
31149
17896
11007
11926
6827
914
19545
1723
31715
18479
21998
13053
11871
21559
27554
22461
21706
20537
8728
19493
27252
2000
7634
19644
31645
20690
11674
15415
13039
29386
25633
26259
24652
8873
29927
31328
23754
26296
22618
11360
28668
30417
31554
14672
6772
27855
32092
14854
27013
22851
17221
32188
14414
4201
24474
24236
499
17242
5982
17629
10542
14722
1436
19260
22791
15957
8781
15086
25311
5950
12411
20709
15795
5592
22439
433
2719
6753
27753
12185
17057
6764
11350
1771
29088
32725
28966
29840
8877
29690
7959
27363
24968
27432
21132
26820
30054
1108
4346
30439
14577
4364
260
3954
13201
22957
28133
9160
22506
29141
6671
13471
2982
12571
9489
12377
23668
9214
2238
2961
1616
2332
29068
18420
12038
11941
30266
23890
31473
17422
29366
14580
24329
29706
2621
18225
21533
23222
5316
15164
20316
11283
31639
2368
9242
7866
18752
18095
13009
28363
28842
25815
2406
3367
3974
31158
22702
20191
12270
2831
25393
12524
19784
4029
18734
1056
8302
6984
21983
5468
30476
26550
12797
9732
6729
12707
8071
18608
2217
6804
8896
30244
1841
1417
15479
28291
19917
8657
6538
15039
21232
6178
23469
25172
31354
3561
24424
10550
11230
29407
9055
27143
4996
19677
13526
24718
4972
30193
17780
30821
10005
177
20039
29681
16029
14031
25609
32663
21801
26094
8354
1325
18055
28340
17901
21423
10258
18977
32191
28468
10454
31007
23334
7456
15605
4698
238
154
6218
25169
4458
23361
15435
20910
19313
17946
7476
1490
30886
30413
8802
28597
4348
25874
1532
15597
14202
25702
22489
24332
29756
1538
10142
7471
20411
22285
6695
25556
13134
20241
28201
18156
13040
684
13333
27186
9283
28296
15679
17338
9941
28300
1599
27853
418
13652
8343
29940
31195
22495
24471
27475
1766
16776
19582
4664
1958
9272
9698
28916
23804
14553
28242
14314
3470
25614
20025
10981
22215
4897
19717
1455
20255
25917
9609
3807
32156
29917
14752
19698
2712
21892
26900
4509
28102
6575
20414
20322
15728
29959
12014
28002
770
20188
1549
3442
14540
22735
7808
30832
21764
32206
3792
9432
1546
15686
30984
2962
1008
18067
2143
16142
6970
26812
29207
30867
21730
10845
32165
4052
24480
7652
22546
4293
7784
17920
13985
25516
51
7767
3250
15227
1282
7288
22758
15965
5152
15632
19844
7311
1960
29024
22556
2417
4424
238
19562
19165
23620
13179
13948
21175
4286
22326
6167
5829
7220
30511
5464
6849
25418
22030
21655
24749
16586
261
5520
13159
30185
3843
17349
32637
28620
24619
2078
11842
1610
29060
7635
14114
6132
6386
28299
23346
10066
15717
14790
16139
23920
24400
19320
22233
5529
1373
1526
22703
22115
24927
17174
10526
23532
16775
20626
30213
5986
8668
2990
29610
18377
29157
24603
28682
4088
25256
11802
12398
11749
20697
23525
19775
14115
8011
5706
27
32425
5546
1177
6184
2005
5996
29632
2217
10929
18181
15541
17871
19828
26970
27156
25553
22348
7545
24842
11327
16474
15495
4465
7571
25342
30201
28988
2313
29270
31752
18198
17072
14849
21598
2118
6081
2857
8470
19926
32560
31424
30179
9460
14466
21769
3471
16024
19678
27227
29608
16999
9830
6434
30326
18648
12744
14630
29999
16533
15887
19472
24174
17188
3776
5930
29410
7366
21538
2662
8259
2975
32221
6306
2187
31256
7110
25898
2402
14466
16634
27262
22490
31228
7466
32342
1116
6294
16437
22244
31459
25782
15356
30041
21351
955
6258
6570
1693
8673
19954
9108
23261
31588
14806
1246
7523
233
16709
10462
31675
6937
5708
30014
4471
20879
21296
18432
32291
22772
24579
5824
6011
19560
22134
4921
3035
5668
22510
30987
2294
19294
2522
26812
15051
32621
11331
29692
14037
21038
32420
16173
10114
15782
26365
23586
19431
26345
3875
16935
8114
30266
27738
1858
16224
14963
25893
16057
23728
7080
2397
8404
22359
8455
4225
24548
19957
3586
4685
20100
15176
23217
11662
15135
29599
2929
4404
9395
5778
11218
7081
11476
18673
28848
1121
27379
19194
17823
17331
1248
16079
18829
11495
12430
13095
32418
28304
791
17987
12651
27932
12543
29988
23352
11177
9149
27387
962
14106
2167
25825
26129
18282
15374
32200
23709
2881
14426
30385
22708
20933
26295
20256
26907
1715
31680
16845
5112
13486
16474
31133
2031
471
27637
4816
26764
23197
29710
15484
14817
16087
29944
3642
12144
25872
6109
26143
25163
10273
6656
25326
12921
29446
22852
20107
22428
7914
2546
3251
25809
30596
31159
25067
17368
22950
1004
9910
27509
8211
6938
15115
21781
21138
3006
19974
30133
19264
23625
19934
15872
17962
28267
5143
26039
3867
17809
8697
1622
16819
5805
320
18677
20409
1333
7445
11116
16818
12654
10045
8378
26035
31722
23953
4264
24691
8783
17326
31401
21668
6491
9453
16389
5252
18469
29334
22838
4527
2214
21072
31378
32567
4471
28892
27691
23030
11484
27907
6388
19235
24834
28365
6437
6436
28037
16116
15328
6819
16949
29336
21524
24548
21274
32564
19618
1622
28086
19153
18366
27240
29577
3194
19864
11165
7643
4335
20028
14051
11957
14238
31415
19233
13105
15310
14716
11279
15091
7710
14854
30538
10488
16942
27582
20392
399
5276
23582
21192
22948
19762
16407
3310
19268
8541
11440
24334
4958
31457
17137
2855
15559
1740
21247
23251
31873
12456
14984
5147
9021
24053
609
12431
18462
32215
32622
2711
4288
16651
31427
29956
14969
3615
9480
28906
18655
1507
22818
30130
32138
11291
29200
32619
32027
2166
14354
22369
17788
21444
10513
19185
22890
1379
8251
17563
17713
21754
8430
31577
24759
1130
18647
11311
29372
1538
11611
4612
6496
21235
10293
4016
7142
1539
22369
16470
2487
3717
21561
25076
19114
3976
26079
20024
1154
16207
13018
30102
31161
23297
13828
4247
17788
674
31395
31604
6390
4418
25558
28643
24017
17780
819
4401
25082
19970
17070
32401
28837
3807
26044
24500
31890
12893
9657
8089
16270
23200
28039
18855
29500
1875
30841
15609
1813
921
22639
10745
30638
28743
10050
3632
11065
15952
26466
8796
30543
11649
22461
28355
13293
9070
16099
31176
32700
28332
29032
17596
6549
19008
6026
2806
29508
13656
30228
30502
24972
29497
16003
17126
3436
18297
10854
29842
2721
17006
26123
12122
14188
12774
3671
18837
18837
2584
17910
7512
11440
23259
9653
18248
5535
9494
3115
18348
28504
9336
4255
14791
1257
24937
7462
5476
3257
8000
29708
11954
30992
31414
9333
26706
12761
19610
12868
19375
7079
9415
30012
31630
4087
29012
29541
13542
10933
9738
15026
20977
4353
30747
32224
899
5426
528
30881
13467
23579
25604
24314
19511
26510
13328
23530
16749
10783
21254
25420
13752
2090
31074
23294
2448
27160
4221
24387
7997
17373
11268
9830
16364
13765
14249
18337
22275
10865
11544
26940
30642
5660
26157
6649
24778
15140
24420
22960
29395
6085
32401
5431
19545
24871
12753
6532
134
12187
31424
16918
7158
16417
14828
26257
27590
28463
20106
19368
15086
20653
24168
6975
31185
2372
23075
10193
1043
19672
4506
32528
30891
9811
27810
4044
22585
27813
7164
26390
23961
2313
22148
18597
17592
29321
30378
9849
29606
708
3110
15293
14829
2031
13800
20210
6690
14362
22606
24394
20921
27060
922
16722
4893
13650
7843
28372
9729
25772
10699
3580
25072
21224
11824
29625
14124
8732
11559
9574
14773
27150
9190
7594
25256
17470
30592
22685
31690
22822
23831
27436
26981
21184
4684
10686
18003
22601
31227
8728
1624
30533
28966
27773
4789
7619
28718
6170
5369
2530
19529
13986
25627
21140
11568
19254
18374
28066
2840
8327
1524
22256
18660
19006
28350
15619
16025
21916
23154
22208
18450
27997
19943
18038
11253
29923
14605
11807
28389
24208
968
22755
26361
16756
23807
7646
9069
29224
32752
24611
31896
8953
25542
20481
24606
20297
2413
20869
11623
30259
23461
11327
13904
26734
21845
26697
14368
11636
25122
31878
24765
17379
11585
12840
13344
16675
21129
24949
26118
5193
9677
27594
31720
28731
1128
5856
19246
8469
25881
11598
10144
20684
6674
2127
22045
32530
31051
26310
6031
12409
24348
13695
24606
6362
16139
11448
3748
17656
14051
26336
14433
1889
22534
21662
23793
11413
6915
12821
5754
14954
12651
24935
6698
16047
10721
20087
7393
28944
6769
16372
28714
11321
17699
14739
27504
575
27343
21403
30063
28731
16434
11175
16872
30008
14658
21159
6041
4175
7871
23593
12908
27152
8715
29399
5615
11556
25403
5696
25604
21041
7534
26075
3034
25342
27997
7496
25883
30936
26164
9690
2919
31284
26785
24915
3586
23445
28714
4590
18377
26544
19139
931
29547
21198
28320
23206
20437
7539
25160
11057
26862
2621
27371
16003
22661
11022
29941
10537
4999
18798
27363
5756
6006
11818
28245
28011
3094
3137
10085
12922
11626
4865
7736
19211
4574
27502
21202
1500
8390
9443
1839
3282
19719
21756
28559
9205
26644
28338
15633
22971
8477
5320
13955
3209
1155
27495
21369
26999
3982
11525
3484
18516
11362
1675
23621
2282
10799
32438
3659
21890
1449
27837
30233
28331
5560
16949
7171
25656
28784
11314
27354
24456
7235
20400
2749
25354
24949
9521
24115
8959
20433
14247
21879
23426
19611
19091
3091
18374
15557
11119
25776
7840
8037
12874
5933
14405
11367
13746
25838
16724
19327
30166
26487
7959
30562
17132
11577
26886
24886
25297
6315
7052
26695
31215
13725
26638
14843
31588
30922
17962
11784
25697
7596
10812
13028
18127
5780
1319
24190
26425
17145
29010
30507
29158
24592
12528
2275
2885
26526
24965
23213
16271
20747
2213
22616
5543
26807
24063
17516
18757
12689
30363
18016
28755
1253
13664
10509
3991
25717
9433
23907
25235
13004
7737
5467
23209
17871
24988
2860
6531
1941
911
18626
27314
6520
21459
876
149
11628
8542
24533
30845
2448
32675
12853
27150
27139
28947
3784
1513
13561
6884
16000
1928
13582
26129
27639
32360
19930
12706
7335
12910
24261
31277
19037
10116
18460
6813
12523
1155
18021
2610
9245
24917
6128
15305
495
16475
8367
606
5373
14092
71
7887
31547
2527
20071
23266
25830
16235
29017
21898
16315
28365
17111
25702
8806
19787
30495
11915
3133
16183
31306
25731
19758
28693
14297
14741
10742
13824
145
583
4244
17481
649
7202
28926
29026
1921
693
3602
5114
28021
13789
23247
15210
3442
21827
14277
18256
1193
5413
9418
8825
5058
28762
15087
9477
2162
15248
691
25029
25936
32217
31350
25320
15332
12902
24880
6615
27905
22417
6498
1629
17237
28449
14413
22795
7231
21450
5475
5339
4832
2036
28155
29715
24949
25022
29000
5228
27876
14401
18572
11892
11924
30233
28553
23601
28802
13602
28984
13063
3986
18303
23742
13531
14371
20961
1692
23673
20709
23301
27174
18739
2031
29823
16182
19915
13836
24759
6177
26260
3158
23089
7146
23251
16391
24593
12470
3435
10379
11230
10880
16570
986
13446
21006
20926
21764
25250
22564
11900
4365
23036
2295
2978
3580
31822
21476
7531
26671
2381
31586
22467
20977
32742
310
31148
335
9416
8934
26592
12327
21026
31343
6839
25217
29870
5946
9036
26402
23022
9037
3035
18015
13238
26815
5998
4912
29930
19310
9401
21125
27529
2804
14402
27869
15338
24790
29125
24084
8518
20223
28886
6012
6007
12909
27848
18480
20991
28203
974
32677
9292
17023
1376
24194
16187
9316
15328
18866
26586
10554
31102
21431
2930
23229
27737
20545
21701
1844
32230
17919
9876
25066
16790
12981
8036
2018
14003
21903
2690
15559
24971
29621
25157
29730
32721
19231
18323
31440
23616
10155
4774
21682
1409
20076
24848
8870
27727
13125
17661
9398
11481
11447
31161
11408
1896
6648
16754
5174
19521
12101
20542
3319
16077
23672
26720
23198
13303
477
3015
20201
28630
26434
26327
6461
1676
10573
22636
16023
17518
4371
15132
19910
24933
2533
21437
9176
915
10605
2343
21714
21818
32251
18747
3236
12762
5913
16165
31835
11930
31845
16093
10137
489
1696
2548
9794
3685
20226
20877
11897
5372
10448
6570
31435
21073
22833
25001
24745
2913
318
13838
11036
19814
28248
3970
3508
25852
17598
8988
17346
20610
14430
2016
12230
12739
18412
21893
3883
725
11826
8316
5682
4674
32167
30509
2093
2662
6722
17540
8173
2072
1424
15276
23677
1165
12549
12570
1553
5752
19088
1230
32569
20086
14193
469
13914
12970
12623
22291
19295
7588
14725
3391
15788
1160
22206
7727
13907
26732
20673
4438
17035
30465
24206
16779
4702
7798
31401
12299
4001
6297
20918
2242
24873
12608
32582
15302
11836
19431
3313
20517
13894
27802
26533
21472
4301
18454
16189
3383
10663
7979
1109
20775
19819
26980
30813
9010
23077
4842
1005
606
26702
20902
18264
1920
32763
21926
6532
14522
11860
22722
26873
13891
3912
20863
13111
9318
8063
19763
1613
30414
27280
13674
16551
256
26997
1161
808
28713
9532
11697
2425
4634
29182
15334
23712
3473
22037
27761
5076
28602
29066
18562
6031
13045
31181
538
6886
8922
7593
6184
16150
16762
25974
1523
5471
4584
25489
439
29461
27641
18697
3731
19444
15687
12955
26018
1716
23420
16865
31337
32733
19405
22214
7793
11997
9156
32061
2100
8535
26435
25395
16702
16575
1990
27329
16268
5668
26856
11431
11832
76
3625
32502
10584
4102
21998
21516
28963
32444
26057
1477
22613
29512
11259
24816
29141
2312
6711
1280
16789
19765
32169
27652
29882
9840
6199
11994
25854
23198
24327
22943
27474
9974
577
25705
17863
7768
8726
9273
5294
16865
21761
18475
13054
1980
25420
14064
28151
17467
23511
24702
24581
10534
26133
22534
29415
20307
30039
18983
19728
32374
16717
9057
11854
10043
10185
31436
32681
17298
23495
5386
6798
4426
1451
4986
2861
23266
14537
9134
21023
17052
25130
17184
26956
17362
5261
27424
4108
24205
21933
14609
8844
8532
20674
26325
116
1346
4682
10118
18118
20572
12553
15463
24841
29217
2127
22042
13736
3682
26489
5651
29077
10835
23226
17484
14129
12259
28956
3386
13424
15177
9153
23553
25656
26335
17007
9444
32523
2356
2380
13311
24294
6492
17381
21560
23145
11659
8565
25203
23351
18403
7781
8453
13216
25993
9999
24427
30590
1022
22471
19005
23644
4269
32284
30557
25822
30400
16219
628
23389
16184
2133
19871
24529
30525
10850
14949
3316
20658
18854
28397
30884
12557
147
31597
5001
8806
23727
29670
11257
23245
6296
21007
6168
19937
14149
13198
19268
31903
25742
18542
23216
30583
16111
1486
13646
18085
28297
28886
4851
11454
11625
5616
24246
30601
9485
52
8345
21265
17700
17699
10859
21240
30614
30873
3052
9742
21956
7421
4659
10274
17169
25531
22093
17945
4257
20980
7975
26685
3681
7540
6829
22231
11591
21988
12852
19711
5851
11840
32277
11699
24054
31372
7323
3879
11465
13763
28704
4188
5154
9233
2162
11508
24555
25921
15228
837
5363
2937
12578
16556
31730
2597
26220
10275
24007
4401
27623
26390
21763
10363
25416
11379
22699
8072
83
13825
25658
9590
4347
18418
24806
7473
20683
17083
13348
490
2948
19235
5998
28613
21256
14490
7492
9426
19574
15821
1905
3647
22679
32631
21135
13772
7033
3450
6861
9086
10073
29230
15856
1944
20166
19449
24216
16583
25092
9504
11461
4765
23471
32220
6041
8256
16544
15537
19552
32612
14101
30971
9933
30582
6411
21450
30342
16666
1519
21231
15844
23000
14198
29271
19955
16402
7626
24472
25537
11066
1766
5066
10965
5186
21827
16280
18685
8787
2484
15766
22349
20417
9358
32470
27748
23359
8717
9654
7153
22863
5619
17147
3958
31229
10866
26916
7244
22221
1612
2552
31464
23794
24121
21090
860
10176
13705
30846
4896
24420
4618
12276
19
28627
10028
14469
15549
11264
15459
15075
4567
12626
21197
26566
4365
8021
19989
3388
9474
30640
9367
5696
25237
14935
23237
10383
32611
4609
19913
21687
4492
9437
4460
3185
31931
23936
25910
21296
12384
16418
1238
23802
6976
8203
22469
3959
30768
18760
17447
6472
22557
29346
10482
5017
3408
3025
17233
25082
23536
15340
843
17514
5065
9252
5024
20405
30539
15026
6387
16385
5078
21006
27694
22947
28469
8290
21539
19511
11880
23358
623
19439
6566
15245
22436
21803
8610
32200
12967
20042
18958
12905
20310
31680
7517
29347
30830
31337
3534
19792
4268
13342
26534
43
14131
645
14524
20799
2862
29741
20795
7327
21174
26586
16804
27224
2294
29213
31250
8356
6029
16680
28354
9824
16179
29409
26066
2496
29600
4405
21065
32578
11946
10415
24664
19680
32429
11593
5856
30090
21551
8578
12851
14547
21188
13232
7199
15083
10544
17816
9513
26829
13516
4668
25366
27833
29739
26100
22704
18149
3324
7360
19142
24176
26930
23261
26229
7831
12131
13206
7334
29739
6766
12893
22232
16194
29793
31258
26912
3374
14490
28355
25965
11947
8492
7469
13329
32348
9092
21794
5501
27513
8268
10675
29004
7362
19087
19407
5764
16311
2590
29461
20760
22538
23859
18663
30897
9045
32085
2496
23725
25865
19323
20679
12648
11942
18292
16804
25275
30770
5766
1170
28611
7396
23894
18613
13284
4128
28935
16559
16653
24232
9126
19822
12093
20496
12230
19271
1350
15474
1895
13641
7889
27236
2589
4811
13218
2343
26222
25416
25629
6945
10875
31853
28425
25741
18403
3695
29845
12914
3812
17058
27288
3537
25795
10312
9757
12067
14702
25510
7711
17923
97
21342
19345
26919
12486
8184
19106
17044
4320
27074
8510
19474
20649
2266
20184
12254
14266
5001
2407
8608
27244
7890
19374
17308
2621
27979
6337
27692
13685
44
6341
24430
10761
16038
29431
20794
4031
10102
2288
17239
11667
16569
30503
5102
3673
14850
32439
20542
22693
29866
15458
8082
24040
26215
20694
23152
9435
2592
24112
8724
29473
21248
32447
3101
6696
21962
6410
13957
2896
7276
13588
22486
30543
22486
14046
8091
31956
25612
8750
31509
10858
21114
19343
4656
22431
28297
6809
4277
6502
28783
16754
4033
21947
21067
3477
13174
14981
31601
13778
20720
7104
13826
18838
12411
31963
8897
9581
16387
18783
7969
4293
18892
210
20899
26869
867
23003
20574
32126
2260
8359
5599
400
6173
21642
14388
14032
8419
18666
5700
13656
31844
19801
28514
29951
25005
8449
6433
31707
27148
13637
18281
22021
14793
933
6858
15004
8465
31458
26897
525
18739
18275
29721
20881
16911
31448
740
8183
970
22301
4330
30627
14535
16481
1969
6615
25555
6791
13982
26417
13984
5580
32011
12661
11381
11947
23194
23181
15651
25854
22984
25806
15419
28261
2245
22653
14462
26603
29827
8850
28565
19175
23052
20667
10755
10529
538
20132
4951
29750
31457
2166
25254
21566
9264
5790
26424
20907
16824
22223
19842
22132
1963
5706
12372
19060
21898
12637
19028
20237
4920
19497
23467
24080
25682
2217
6142
20449
9667
24048
12448
3286
27026
29874
20230
28129
25855
11526
4987
4207
1231
12650
27668
8591
7140
15112
22503
25687
24592
27448
27256
30595
10539
24133
9076
7776
9827
23412
28322
4329
32212
17986
24598
5935
2649
13550
168
29694
11169
20535
16036
25277
23685
24679
22211
11414
920
11152
18778
6359
12800
2326
12242
15512
17541
20077
1624
28063
6888
31012
15829
23680
22902
14883
10785
6664
26844
17969
8308
3036
10301
4025
23069
5214
1410
19917
28534
29136
28658
29803
32535
6332
22786
511
21834
3475
14190
17962
10175
404
16520
1474
14721
14063
19408
8218
31529
28715
5318
6531
31570
28357
20220
12050
15180
17690
16495
22436
15381
32646
22039
22048
22404
26830
26301
16636
14792
28091
6157
8963
3857
25608
6636
6485
14733
14463
11276
4783
9110
18526
8637
5100
554
27135
22534
9676
7067
26808
20980
20469
26247
30721
28466
17719
5387
25044
28890
9492
24628
29786
16523
30336
10166
29379
11708
16357
14817
3445
5455
24682
22480
9578
10089
3701
18916
24275
16258
8046
6257
18178
696
31943
15542
4486
14441
27193
24083
12440
4352
336
28534
19638
20239
1577
16663
24461
1695
31099
23141
30236
26308
3028
12351
24087
16756
22053
2920
17033
17816
31617
13109
31678
8036
6178
12425
5728
29412
8621
15619
21984
25816
7350
12918
13847
9666
19335
3738
12334
13117
14877
24321
18107
17296
19316
10572
7468
3971
11269
9118
7785
28274
19852
20817
30389
30879
20494
22504
25813
9164
31771
8261
9845
3594
12881
6173
967
27340
29729
10152
15981
17983
27094
12189
26521
4830
2514
9053
24947
13633
17691
4974
4027
565
23831
15404
31663
25362
18068
27835
28463
5193
15883
23104
19231
12861
28966
13137
7437
2132
24959
1962
14355
22093
25771
22561
21759
32724
25975
25308
32178
23123
19057
32705
18374
3340
9643
8494
8820
14181
4539
19690
15284
20866
24582
8540
16549
31513
31807
15099
32048
11394
10538
3590
7912
32270
31398
2165
7989
31130
12522
4143
6322
10852
22799
12669
3027
24349
22223
4543
22219
21055
15244
31326
25773
11424
3731
4097
22481
5704
27299
2564
13177
18815
5289
32294
18612
23595
28622
5249
27267
13145
29363
14272
11579
21786
507
5516
13610
3216
21515
839
22653
5192
16909
6909
6241
15050
10811
9367
13673
13679
18266
8018
25392
5491
8580
32624
24383
4939
31787
29742
28465
9273
25947
18933
2581
3613
19007
15572
12563
28046
13543
20270
15187
25129
5960
30896
6426
21801
18309
16774
21046
3641
4461
7631
17309
2694
324
7502
24657
18967
19398
17250
31110
1889
30569
6968
20999
3350
10979
23615
214
7743
17644
13020
26386
9354
8517
352
15646
6373
12025
11575
31488
23115
15331
19553
8199
26334
6512
18215
7601
11063
32422
16902
27083
23546
19301
25584
31706
3501
4333
19636
14778
32458
929
20410
6021
18450
14859
18163
28343
26405
23839
4624
20623
22352
11716
5618
22456
11430
912
20578
15656
25938
10451
21507
13385
25899
14296
16516
21078
20361
23911
2842
1288
13143
9358
11054
23667
15722
12194
32595
11306
25873
640
32378
18346
18158
16920
2409
24054
8708
3373
28777
14462
11024
21078
319
24901
10781
18249
12638
29763
5715
25944
14427
8201
9232
3900
11937
6563
31034
17426
1126
1986
31699
931
25822
10523
28365
18408
22958
14858
20768
14286
17059
23931
13083
30518
30116
3338
30199
14400
6885
21609
10674
29129
6494
23554
32027
24370
10108
1758
29737
11619
21526
10182
22672
30992
7074
4520
6294
571
23977
1852
2083
14587
18040
19942
14360
1915
281
26591
22498
32069
17793
14736
21839
16321
5899
7742
11936
25592
18213
12268
10975
5534
4169
18045
27763
12112
23856
29210
4593
10266
4162
29907
22837
31292
24400
32649
30898
26414
6021
13835
8966
15585
23962
15999
26833
72
15946
24580
27848
8471
8966
29845
7685
6859
32489
12848
27809
9962
18414
3896
11397
25740
4193
17945
6781
6426
21651
15402
14223
28246
20690
20439
28298
20891
29592
20991
14305
22630
16387
11931
12218
19990
13445
2209
21059
20208
2525
19752
21061
5222
24134
460
15867
22169
8430
21076
26148
26396
20905
8594
15191
26875
26855
8587
5527
18940
31716
14040
6695
24868
28958
11084
13215
22141
22796
29655
20544
14359
16141
3498
23173
24653
1695
13980
8186
4425
10449
1229
6737
27083
26107
8585
20147
5925
16300
11119
14164
26763
20196
978
27466
10121
19075
2911
30879
22997
20994
4608
9381
20551
20577
32257
1673
10022
2912
28274
12331
7077
13042
23756
22829
23213
1263
471
16459
11485
22793
458
14058
9168
10497
9140
2803
11422
26907
6172
17121
11173
17615
4836
24601
1417
5057
15476
7034
14713
6899
15892
20534
28852
28217
28056
2272
10060
1518
23619
25286
21034
23782
19686
15232
9811
10915
21832
23753
25962
3532
11978
6798
21365
15066
31307
5957
14820
789
31562
8832
7119
18367
3658
26050
32639
11663
24187
21393
28976
9313
7830
3276
8981
5931
18697
12351
20125
22579
11092
18549
15093
7551
16563
19405
3278
8589
8189
25296
17248
15429
204
26818
1710
2092
7134
23159
11020
26586
27323
10089
3551
32686
2712
6407
12197
30656
18044
17487
12085
6679
3233
14750
2631
8477
21277
26311
18230
19023
12225
24419
27653
313
10050
32617
26273
13986
30614
7167
19045
14340
24993
13967
1763
6975
13841
26140
31714
4749
10631
27351
3747
15545
13303
8173
9321
17804
32593
16292
9783
27273
10593
11686
29148
14298
23796
15260
23597
4489
1596
7167
10386
23795
9845
30507
6596
24186
2761
22198
32724
8059
27249
23295
26480
28800
12318
28426
20066
23478
29335
28299
345
7073
24739
29248
1772
27150
9257
13956
15324
15177
150
20514
1177
14737
12415
9063
14344
5321
18056
20859
10116
31344
5508
4081
26659
18899
25565
7836
16698
22657
28214
20388
25635
23296
32080
21978
20797
17854
4906
19785
3637
14922
29549
12813
4484
21700
2822
14697
1849
28051
31509
16659
21241
9045
19206
18642
29508
16668
1533
10827
10745
21719
18296
792
3613
2574
31536
1307
27352
7379
21568
8466
4032
30965
16264
16235
30299
22902
21844
31577
24798
31807
3641
5159
22075
15891
16192
2253
8027
12994
8519
4545
10664
3487
26531
27919
29391
28211
10762
12460
25028
25907
9649
5895
12550
17840
6577
31202
20004
5774
17071
28512
21120
14391
14780
15711
31059
4752
14970
5895
14065
24365
5248
22691
21839
25537
19456
13744
14786
12504
11687
3380
14345
14536
22981
22610
5774
21220
2734
26394
10217
32500
6752
24486
7590
31970
2918
13154
30792
3254
6396
32427
14477
27332
4723
1692
13812
23588
1495
18724
15997
24419
32208
21340
25520
21880
22214
21016
6368
14074
28488
4285
1713
10640
14255
23122
14296
2472
25854
28889
802
15468
19213
3807
22200
24049
8679
10066
18593
8114
14960
22419
4232
27454
26187
16332
20160
7469
5882
13700
17541
27736
30791
1136
24965
20810
2531
12684
19103
497
31822
29803
15850
21913
21750
23243
30713
9500
7587
19053
32349
31570
8978
21796
29548
10703
1760
4907
22337
5582
10411
30651
23044
20840
10867
21469
9068
21770
5190
31614
13185
27941
23324
16577
16551
12327
20224
14745
14040
4267
13424
918
15409
24556
3335
31231
24240
21632
21337
4642
20284
26947
11807
20968
19941
10385
24212
5292
11118
14264
28190
4685
1032
13996
24369
23682
5985
18429
25968
18030
25053
21767
26902
27253
23331
25193
22933
16973
32220
2232
4989
1368
31927
25972
23966
16689
18609
6202
16753
24709
19603
8252
17076
5156
444
11759
14933
21079
16928
15619
22673
24693
31633
2712
4701
6833
10302
15279
32261
28214
12409
18398
25363
14710
6589
31817
370
1726
9967
10957
21459
21774
19940
22910
20816
25385
9764
1620
29263
12520
13549
21281
31914
10963
14971
11718
23309
13298
25735
18599
927
481
2574
30556
12772
32547
21587
17322
30690
10168
31015
20145
27266
5106
27240
21094
27962
9604
7880
22340
24809
2780
22479
29247
14850
3251
2340
7930
16877
23010
17672
2617
1962
17783
21027
24729
17336
11016
20099
30079
13109
27975
994
22094
11846
17111
20775
7645
32185
17758
19760
7208
13289
30428
1743
9797
3298
12603
1554
8858
6598
13351
29384
9550
15216
17695
1088
12541
12374
5580
7764
28592
14772
25746
16294
30732
7143
2918
9514
29385
32278
28895
18149
13414
27928
3983
4596
7963
1426
1939
975
24848
2400
28265
2767
25292
25655
20738
20462
31216
25480
7192
19919
13349
9639
24258
22782
20051
1068
6982
32120
11284
32154
6702
21870
25448
25150
29598
15686
12458
18522
17124
2275
26306
2947
14417
7718
12189
23368
32071
6324
12506
7444
7828
23290
26822
9558
28926
12399
22411
3038
9247
25881
18596
8074
30580
30291
20628
15651
17840
16589
21208
3458
23126
20436
9242
28407
17798
12756
7335
3563
8727
30235
12067
28867
487
14303
22396
31496
29807
23171
30236
11205
23451
23318
27491
6961
728
23325
1876
31630
11374
18578
8590
8529
2320
18220
28030
22147
19889
16097
24276
32103
23450
13226
12851
18013
11962
19078
28205
32006
1597
8129
28782
12457
31584
21110
23351
15318
31363
26963
30479
28489
21119
29852
23733
25616
20027
4466
31576
14577
3194
12886
20234
16134
2551
20713
23411
22954
4532
27893
16066
5529
1935
31921
28905
15186
16662
12865
778
24768
24732
14973
29484
15898
26253
22771
26675
18952
27902
1327
27151
24839
16776
27962
27187
31758
20823
352
12361
14962
7038
27958
32548
17159
7565
8668
1526
16520
28262
21888
29123
32056
31564
7203
13077
25034
6973
32160
19442
23422
27778
11498
14859
28046
12420
17557
20790
29128
6625
11416
6686
19580
16575
3409
2361
6040
12641
29641
8699
2322
18680
2874
23114
6278
21691
4046
21041
10273
10041
24234
13272
13501
6126
18219
20404
20813
8469
367
18683
29052
4030
28184
26203
18321
31264
844
23275
14742
28720
2816
7010
12729
6771
5751
4999
19954
15120
19205
20456
13030
17705
27673
28623
1548
32363
18043
29554
21262
24292
24785
14954
24690
8981
5480
18022
14201
17481
31025
5665
25415
19237
13322
11409
11077
12415
11839
6242
19652
16500
14161
4002
30691
13236
2550
29630
5042
29473
20832
20909
3479
14745
5058
12907
14321
2063
9745
20393
31740
8161
3336
195
25333
30565
28526
29682
14974
23749
32155
1987
22595
15118
29241
22727
16606
13699
4168
22412
13816
3383
16996
31437
28593
1243
16203
25062
1346
14036
22426
31626
18657
4497
20695
1208
6886
28187
29108
29675
30763
29933
9106
9362
18360
17671
19781
22207
11168
4414
19223
22307
22822
10198
10255
25402
15396
6226
31859
7619
27054
27531
5515
10099
9714
8704
19112
12266
354
27757
9061
4838
20758
21151
13101
21943
1643
15494
19965
6387
10737
4492
31339
21098
32132
25125
17640
25436
2488
20391
22594
24298
6779
9821
32621
5323
28405
24022
29826
13376
8371
29571
8456
6986
1541
21378
13171
9754
5028
17332
11754
4809
408
1301
21069
19785
14169
8013
3959
14236
17205
2690
21440
16963
24817
11121
26822
26874
21427
21949
15470
26530
5920
18566
15141
15231
11201
22846
8044
17571
683
16568
23187
7082
19551
16002
31428
28584
12015
1653
12868
96
10082
11402
25590
2231
6746
752
22817
11624
22516
7771
1138
17400
5872
29854
30277
1517
11026
18812
26144
1083
31431
23995
30080
28415
30732
5243
4057
1391
8332
710
3032
16913
18696
7528
29163
5932
14332
30977
3075
20349
21376
20568
8857
26410
26220
17650
2799
28924
16575
3556
27288
23496
14146
2277
21562
11310
18024
24999
8595
32390
23673
17256
11962
25880
3823
18628
23207
30347
16161
7629
28918
8353
29214
2141
24808
4897
24540
19115
26027
22292
32146
5149
987
26163
1890
29789
72
22177
19771
1199
13306
28374
18174
15234
24946
13787
13279
7748
28467
21437
18703
17787
11137
22076
13208
26386
32105
11715
29064
23280
9985
30365
18001
19920
31985
25189
20080
5708
14130
21950
30285
24634
16150
3653
22626
8764
7817
25796
18080
4499
29846
32681
782
2100
4909
2486
27572
4382
10787
16633
7607
3818
9082
29183
21445
12452
5347
13125
947
10457
27265
29935
32613
23281
12016
14524
7407
29375
5254
1594
10745
6743
9176
28470
11880
16928
13184
14455
16955
12074
3358
31404
31410
17345
25501
20386
12982
13890
32440
24506
12917
10797
16316
25499
31309
24444
25487
28196
13547
27699
9713
4772
5300
13369
10754
15182
8291
4966
19460
17383
13044
28125
16483
11458
12994
6812
9202
31214
17388
23633
24952
4782
31228
23663
4203
13609
19659
23682
12539
21091
21663
4544
26963
26220
4503
24288
10267
8408
16969
24623
20545
29038
3497
32224
20985
19749
1069
30883
21762
16204
15406
9338
22571
6920
3474
17864
27159
24835
12456
17579
24381
11619
17491
10892
10546
16889
32619
7669
13099
187
4448
20642
26558
27253
30240
5082
17384
30139
16699
1792
6996
21026
9285
5221
29146
27568
13437
12384
3655
17040
13227
3745
10844
27402
24655
16834
25625
18867
4343
31007
21563
24545
7921
20712
28163
15458
25634
26740
3129
25710
20534
13016
20337
18649
22778
13753
12685
7053
18949
10846
29315
6456
14238
13577
16992
6978
6362
9864
19597
1538
19717
31751
2129
26417
4163
4392
29336
22687
9079
14422
5363
31524
11108
11606
32223
7642
2835
5662
3658
25993
15732
1515
16467
2147
29255
13966
19282
29170
29245
27654
18712
25422
3675
13908
16504
25491
7840
1419
14598
5266
21479
17447
15390
16327
24847
27551
26408
12172
16216
18238
29467
10379
4624
22830
21824
6009
28016
5590
23865
18178
1217
26982
29761
12799
962
15279
25013
17903
5966
26169
14548
10661
26938
20623
21443
23614
4989
9950
32723
16470
20115
24254
16135
26492
24355
32336
17105
12770
1759
22921
1053
5721
31915
14797
7312
9853
12290
9152
17682
9005
23446
12121
7562
13631
11063
9784
8680
7793
30966
23609
28777
30370
25994
30281
17686
18754
20467
4984
20111
9991
28765
3152
16390
32737
6726
15461
17550
22833
27107
2606
14230
13366
24768
8467
18096
14535
13736
4551
24728
30792
23492
19672
5489
23767
1286
11141
19537
6342
9161
31439
29184
10830
12209
15571
1277
18305
12761
5206
8898
18049
23597
3746
31305
22000
12308
16273
18383
6567
30803
25575
15832
32683
6702
32228
32627
24924
463
8218
4031
17648
11756
23165
23214
21280
7845
32185
15113
21793
11179
10440
8629
20182
1447
21699
16948
2372
26330
21240
26734
8518
14080
28990
23474
28290
9851
14469
29432
22171
1197
31153
15977
24745
21926
7337
27169
7398
27391
26026
15923
13481
1029
9442
24557
13977
14619
1082
14430
29466
13913
26483
9238
32012
2425
4724
20525
8885
1780
2530
26759
29435
2664
25074
31573
8919
5693
28539
13791
26374
5768
3920
24194
5634
19247
30668
12276
9776
7503
18606
31184
23643
25562
19751
10830
15969
23429
9266
9553
7724
21985
17188
3240
20708
25543
1668
23949
26211
32506
17692
1906
29930
30472
6480
24574
19730
9585
21679
6226
10757
11531
20936
6032
12781
18597
6207
24222
23213
27883
1824
22823
1744
16778
31090
16355
28350
13716
6416
28697
10806
13093
21428
23650
28152
13895
9813
31407
20930
19219
12979
21389
12926
14105
21296
5800
1210
20994
8417
22670
11096
20852
8165
23990
9863
3126
1525
5825
12018
30869
20285
12799
4407
27142
5482
26165
23962
21004
23813
23198
16379
2140
19711
20527
5125
24128
1165
28703
2473
313
822
25511
28106
28904
22313
6407
27450
3118
1493
22985
22502
31123
25268
5705
25165
28388
18535
2677
13111
7200
26632
8146
22435
15766
8892
12480
1793
6471
8583
4350
6561
27537
8037
32624
17260
1807
6550
25888
26322
11195
23097
1412
5123
22869
4380
1023
2146
8457
28371
25257
16950
14924
30215
24147
31907
24327
30481
19398
10202
13047
27079
23116
12684
14931
6550
24434
12708
9136
22482
4107
20277
26915
10313
19064
29105
3237
7198
22055
4701
29627
20181
15450
16897
9814
14762
7722
14052
29943
20775
11211
30455
18968
8437
8465
29265
10952
23027
27443
8667
10901
1669
23504
32333
22190
22831
3375
25433
23625
18786
23499
13093
28227
29333
6415
19967
11782
27032
23390
12877
7088
31781
3926
22722
20850
3769
11862
8408
3637
3233
15933
24954
21380
7768
32373
29184
6822
6672
26161
16225
25866
25231
22514
16804
11241
10300
11856
26008
29478
16506
1527
16069
889
1844
26864
5538
4044
32441
16162
9737
18917
8651
10264
8679
10822
7154
8708
19512
28497
23575
8708
16435
6064
13645
421
14529
23540
498
26022
27700
27516
31991
510
20534
28825
17788
24351
23039
8175
16544
1149
3788
22303
19863
11338
30860
3747
32765
25732
21212
8953
21609
16690
1077
14595
4934
1003
14180
16814
21982
23703
10555
24786
25016
10106
32391
15193
20004
19566
13890
28836
10260
9071
3081
17194
2093
605
24272
13410
20254
22526
28628
6116
31793
30787
3537
25035
21023
32204
117
13405
15913
25773
18453
28910
13668
17011
1440
20481
31829
16226
7889
17585
3261
13569
29352
12111
3510
5593
12826
9037
4607
633
12552
17498
4245
12221
17262
32463
19331
592
31453
8010
6394
880
22571
3480
17060
4849
17769
11993
28470
31365
27669
13022
19013
17978
15249
20694
24154
1604
13268
14122
21832
24061
18528
12965
4797
1066
28531
20696
23832
6272
12674
445
2170
29287
19683
31898
22560
19709
16842
27688
2544
29790
23158
9717
16465
22563
940
28935
15936
10024
2405
8130
10657
22675
3012
268
18386
17937
16458
27822
26758
15203
21325
28413
29393
7962
32166
22459
18559
6302
8875
12344
29610
22389
2653
23740
21132
24514
3042
27945
13713
12
15413
24797
9136
21569
29980
25046
14588
31227
18522
15129
21366
23041
13094
3668
550
11025
9693
3266
27242
4573
13300
14159
6029
595
48
27133
26779
17953
14617
13958
4212
19577
14764
21059
23584
10001
8784
6988
13154
22639
32267
30945
1936
22371
18422
6920
9377
27605
25838
23928
6280
18624
25997
20918
9409
1919
9304
13438
28201
26696
5178
21092
24338
31734
21298
8123
28567
6923
21832
1974
18477
19957
15301
14029
29307
2704
11427
25698
3180
27373
15939
24485
12674
16722
19294
25525
3693
11649
17214
30472
21212
5949
18990
23052
30099
12811
15919
18702
32445
28214
29676
5468
19588
31509
16368
22950
1504
16016
8215
19882
12204
26081
6466
32017
6143
29592
7503
26003
3001
28386
3401
16482
2652
6154
11227
31430
27678
17984
5131
8708
11836
21146
2085
18053
22928
13400
11508
6708
14182
12908
1336
20008
18572
20026
16725
29571
12968
19356
14153
25498
6094
31273
5856
29526
3154
9143
11819
30170
7899
17438
21038
21093
9913
28223
16345
12666
19577
581
2362
1343
182
6443
25328
28964
21810
18815
26083
21700
27685
10597
6450
32272
29140
12766
22637
18090
21606
26442
27141
8335
11763
27436
23040
22009
5343
23342
27889
132
18022
8549
16168
31631
24439
6613
25638
21989
6086
12600
6740
1693
13085
24827
26356
26942
7410
11402
11863
17703
25151
973
7248
25646
32142
12018
28906
31880
10579
10094
1366
29161
11391
574
7463
12779
21842
20339
22466
12212
5745
4845
22031
17107
31288
14951
26741
28012
24657
13492
22790
19861
14726
3655
9718
15871
13779
14073
16466
27097
6336
21767
8942
22513
10222
18778
21920
12573
26607
18700
12459
17881
7002
12327
29822
5937
14367
29104
2463
26338
18201
18660
31970
4796
25058
4033
3038
16202
17131
24264
21921
5557
7116
23042
931
6374
9688
20289
32505
21995
8437
2472
1483
29596
13483
32365
13576
25982
26490
14046
23128
17895
8305
7074
8787
7011
26364
1346
30448
3415
21758
13800
8768
19428
28447
8294
2396
12046
22376
8313
5020
20766
3597
2127
4617
10308
13449
10056
15125
25473
1776
11770
3722
3780
32641
4983
13761
16980
22651
24530
13332
24941
24627
32735
31637
11310
21346
1595
14849
10419
12739
32140
29167
10110
16606
12298
13389
26395
12574
2111
3597
6915
6442
28426
32284
22978
15218
19178
1940
13909
18952
1145
13362
2262
7346
13367
6922
10843
3389
23945
16249
10267
28180
23298
23644
12754
20241
24544
28543
18279
1170
13018
6489
27084
9424
1561
9462
21287
28524
4228
19508
31279
21323
19520
3122
25816
1700
32375
7686
3634
25943
27737
26542
25486
2433
24929
31049
7396
21069
27354
27272
29809
19725
27809
11359
420
13449
29484
8960
15163
31382
26315
7177
25770
4075
1070
29948
27324
24113
15912
1521
29564
10329
27826
9351
9558
17714
27955
21280
27002
26683
6143
28750
11649
27830
12061
31368
26707
22269
10829
15394
26184
25
1097
29564
8333
8081
27980
19321
9162
10112
1745
14386
18945
9962
3229
3052
19386
9808
3839
22600
27741
12930
8791
28602
17887
2485
10197
6972
30624
7893
4995
22596
15508
26397
21382
13043
11426
9700
15521
4239
11593
10938
8186
32307
21897
13747
28193
22469
18689
30211
2894
23337
20053
22219
14570
31668
9426
3635
14417
2532
23893
8889
2775
846
14952
23241
29449
7895
23471
19085
6965
26919
14467
29702
1324
1371
11740
11612
10054
26106
9076
16754
23207
4651
3113
32446
32449
19237
17827
10328
30234
9702
6968
32080
24655
27944
28684
19013
13658
24465
21629
14643
9744
7722
2750
21389
26093
24338
16065
27276
16916
14452
30043
22982
10642
6070
30371
22530
2787
14579
14235
19019
10935
12972
1810
19779
22518
27066
456
26810
8449
391
4564
8575
28219
7294
32067
23926
9672
192
18434
19947
15508
29977
27902
21542
22679
27186
12937
5184
26712
17416
7680
10805
21424
22428
19114
13625
10705
28909
10212
11600
28806
29987
25211
14105
30909
29965
32090
27114
23618
17357
23909
15394
2253
26066
19620
2491
31807
27655
14500
26911
5673
3914
12314
16957
8846
8224
25546
23515
490
7847
11943
21294
4722
3788
26940
12712
16030
23741
3146
5393
21733
26018
26291
7641
3271
30856
27286
6061
23825
25501
21948
4168
1885
24995
14643
20620
31960
31647
9272
27601
72
13009
30299
22909
10573
1769
7389
19668
11494
11384
16221
16146
3896
1957
8115
24503
8843
16161
12573
24355
30614
31581
10905
18274
8956
9722
6289
22345
31766
15745
12733
5058
14579
4436
29510
868
2973
31204
18471
18503
9374
24869
16345
3094
16067
12095
6191
29285
6176
28551
7807
1349
31828
16813
11266
20502
17423
27446
16765
7325
28113
7469
1569
1623
13300
16918
11696
22540
17388
26660
2530
26534
31438
7084
19207
25668
19215
17880
13293
19083
12174
25504
17668
29500
20437
10486
8896
28684
14748
25665
15167
10928
21391
13837
28460
31287
27986
28929
16867
8860
4289
13841
21718
29340
30844
8437
12847
29637
20387
6361
10935
24784
7902
6486
19190
22064
2721
1953
11164
28907
18094
26626
8479
20393
25307
1928
3750
10762
21781
28156
24614
29245
25765
11283
28618
13519
23218
23015
23193
10944
7175
22952
2131
12764
4119
12943
27291
8008
31038
6164
14171
8284
8778
29025
8805
7600
1338
29958
23126
21626
20294
11502
19648
6679
26143
30354
30088
32231
21111
21356
15756
15710
13252
7599
11401
15960
8513
30005
29245
941
7222
30905
2760
20486
30586
8006
600
27375
22582
17903
7173
15405
13291
17857
24570
12625
28599
9718
21718
8589
1236
15979
26706
9159
20065
24149
19235
2796
25701
19247
17442
31879
10257
11255
16042
21906
25925
13465
6209
20875
11606
9644
29051
10187
20239
29788
1564
4884
4085
11943
20605
30569
2767
28621
31793
6690
22374
30977
27623
8255
24458
16997
22162
18173
1365
6197
16328
2727
32436
6210
20328
12207
2594
9123
19584
25085
24759
6311
16238
24199
2402
26894
32581
23330
29043
24696
11890
8343
28252
12061
27295
2810
3256
3263
13271
25655
20620
2013
20203
19694
19149
21802
10005
10113
10275
13117
29404
14699
7405
13962
8247
30419
21125
4497
19445
11360
14789
11605
18524
31568
26314
9744
30481
23492
23031
37
31288
6494
23101
10582
219
32270
17562
6711
12944
7977
29920
11234
32342
188
11192
30189
20673
799
5606
18585
30039
20173
22735
5964
10041
12914
18488
26434
5382
10054
10576
5759
23548
28570
9969
3848
15968
944
23331
14930
6432
16592
4578
18683
23736
3736
10529
8888
3410
28308
12814
4751
3633
10767
14232
838
15439
4648
20014
24603
7237
1576
20682
28085
8044
13330
28463
12123
17474
18300
29039
11364
5647
31390
21679
10734
20424
15785
9518
11475
9779
26714
14724
22489
32076
10702
13096
31273
3304
10904
26677
25091
14488
5393
6766
18351
7888
30703
8063
25783
9032
14105
24198
2899
30883
32442
18129
21029
27983
27796
9193
10278
32684
25496
29392
25825
32112
15795
7304
10463
12874
20458
14804
8802
27077
29865
17475
2646
18544
4184
22633
28036
16444
17456
28016
5641
9253
17229
9680
10502
7956
32260
7514
19610
4612
6006
22651
27149
7524
22885
14527
24654
22973
6727
6804
15008
917
18841
81
16272
7827
5750
28278
27690
21476
25704
23861
12140
4060
638
25394
31227
8929
22687
32136
30229
27013
32541
6412
31687
16370
29837
16597
5472
17547
26071
5628
10277
11728
15497
29856
5446
14210
26481
27181
26385
27400
4458
24798
24166
18194
14966
9345
29803
2684
26381
9339
9344
9845
22965
5899
4726
7136
2771
25043
24827
18426
21185
27540
19545
25662
31264
15161
23905
15750
9328
2071
18593
26226
18654
8051
19934
26893
11612
17220
11198
15278
6135
26171
31684
32029
10853
26881
2689
15351
7134
15552
9
19796
17710
3812
27813
30374
13063
25123
3527
28389
12955
14522
24387
31465
3178
13306
19643
10519
24921
19716
5979
28735
24069
2769
17351
13765
14422
22901
9298
32511
11095
26276
21361
20959
25925
10101
12911
2258
7142
27494
16482
7655
15131
8352
23901
12596
25017
11645
19943
20086
8341
840
4780
13815
12254
20036
26739
11445
3760
26351
1104
6080
16613
26759
24603
26340
7983
4302
11040
4744
28004
19723
13080
12502
11032
6225
22873
26140
21105
3843
26697
13426
31031
23448
23832
28318
2091
24732
31151
21044
31898
17399
13027
3330
26673
16242
20207
12714
8979
23159
18465
24465
25641
28952
18387
8696
13241
11348
19869
19049
27707
20373
22217
19029
15720
32636
6663
20475
26003
26081
11106
10891
5436
22294
7283
14732
12515
23660
27861
27515
25882
18425
24281
4021
16606
13720
1146
32663
18983
7472
6291
25315
16574
23098
30799
4965
847
19581
20705
25559
19135
30236
21878
19971
12223
15059
4456
19495
11938
9342
10933
24989
7531
20699
10415
5819
18475
27792
4853
27641
10122
24432
31905
2129
26019
3578
20419
9964
9493
21538
27919
2042
15958
7509
29650
26850
26443
15799
17963
18331
30998
28847
7543
30041
18480
8357
17165
15469
17079
23562
16684
7526
18697
7065
8241
26493
29841
15837
1037
12336
16609
23540
15863
28204
19201
23442
9822
15216
6919
25161
21282
688
11240
3591
32259
7159
9614
5856
12122
7313
32043
15885
263
24104
28620
11829
3498
301
2865
12524
24598
28282
14556
23930
30466
7221
32616
9437
12546
6647
28188
24337
13494
10285
26304
15758
10561
24255
14767
18195
21245
9968
18478
16546
26734
3206
8444
10187
13172
10794
19243
8750
21188
13585
13101
1596
12184
27612
28210
24893
31654
27837
18354
7831
19279
14044
19781
13389
8218
23289
19643
30918
30560
8018
30825
1488
12617
6855
9665
19684
25591
2876
23078
16556
28416
27455
6654
14274
25378
2794
11784
27835
4658
12299
21231
16228
23382
387
1824
6987
1908
16876
27353
10113
18922
7551
26243
9119
14720
3892
2882
5639
21914
8490
25034
12140
27571
3146
7028
1941
28934
31528
22929
5981
9358
29737
32510
5119
3377
12011
16377
3984
10297
22753
25650
717
23555
3390
28453
9239
763
1045
8872
12220
8904
15550
4032
1400
9155
10107
10681
16188
7342
4699
3958
9517
1699
23903
32517
8944
27978
14812
10102
8741
28495
31008
19694
28209
8979
11864
29431
1345
13218
10162
282
31372
18918
702
5552
19928
5658
24602
31477
23615
3456
31310
29278
20019
12375
9205
18989
9920
27656
28958
28994
22545
28064
4081
32052
310
30850
5270
22176
14628
5470
15442
32705
2813
11613
27635
10561
1938
26014
28015
2383
4135
20198
12488
10482
15990
15763
5170
7069
3574
24018
30584
21763
10844
22546
7836
4396
1890
6585
10174
713
9672
5653
6206
15301
10649
5013
17701
1052
9648
22841
6849
4848
16506
20551
1936
24026
5630
28224
3680
29310
31514
31506
17331
3682
1551
1935
14952
26880
64
10270
9112
25625
9526
18352
9663
5709
21224
9974
12060
25577
3897
23506
18266
6656
1731
25867
9327
16317
26835
9796
1733
4599
17588
24623
8343
23814
19505
30974
3231
10453
8021
10522
6126
27449
1397
24600
25371
13441
14193
30185
7839
2639
7990
31824
26240
25766
12423
17561
301
323
16126
28041
1449
305
30029
3473
11500
1176
20938
19782
21127
14550
19499
1558
26758
3280
2189
14643
25242
32650
15292
29396
23672
15606
9390
28061
32636
32010
16208
2651
27538
22805
5254
28661
10070
2899
19308
26528
23418
19647
24547
18769
23912
17704
8777
3192
19753
16775
25735
20715
19078
9360
30801
29728
1389
17799
25257
1696
11670
12629
26789
13752
1381
475
22899
32114
7187
16262
14746
14020
29449
292
13186
22022
4748
15862
28983
28073
20895
1542
17258
18727
21797
5306
14777
13366
2631
29098
4144
16961
8213
5039
5647
10776
17520
14908
29133
2535
10279
28914
26206
10085
3680
29038
32178
77
27450
22374
15486
16146
21936
23284
17214
26575
20673
1329
123
20860
12237
4870
22601
16232
6723
31295
25877
12003
29305
17633
13725
11579
9179
14014
11328
18923
7240
28998
25464
30990
29881
2464
15269
31258
3364
17658
30220
5834
8096
28445
287
20060
3785
32580
23039
16637
29542
32558
10047
28546
11593
26738
28907
9048
31607
27667
6600
4798
24457
22612
32222
5425
20562
4301
23092
31784
32706
19647
25051
25602
14346
4005
9261
4413
5121
4107
10327
11752
5831
163
25109
31579
26280
28566
25533
19493
12099
12312
29055
23110
28395
575
23019
19871
13133
27925
14259
1702
2387
32492
179
350
9289
26609
1582
25735
63
8964
19035
4369
942
8391
20256
17879
25694
10485
16925
11146
21382
26102
10732
23787
13622
20144
30887
16190
26354
25247
10155
16123
22943
27688
16540
17606
676
15658
30634
30369
26697
6615
15122
6497
19810
17858
23527
9822
16434
26424
13330
26991
4234
13524
28056
15126
28977
8526
20251
10999
18568
31124
12708
11919
29806
10524
927
10274
1378
6264
32039
23029
13543
23083
27012
6590
6957
6587
10738
22617
26605
263
21924
20924
8853
2011
6921
31021
13733
25026
17998
30131
18777
32283
4388
17098
12680
20079
8131
18778
29388
18178
20271
1258
8931
19880
14522
2321
10325
2778
3786
31534
7511
20745
14044
21593
23024
3634
17609
32666
26970
31667
15176
10328
28331
93
13749
19732
15541
30922
24337
27223
9514
23025
23113
20968
17156
25079
32699
579
17443
19273
5110
4679
30264
13799
23489
1327
6883
15107
12640
6851
18200
24266
32530
28623
20935
21634
17118
725
5564
18645
32655
28927
2756
9836
16126
32599
31249
2240
2447
17466
20959
20781
30462
1290
23640
4681
15452
7204
23989
17779
23380
31506
23975
32431
22195
7425
8181
4785
4136
32117
4198
25399
13127
26427
9697
17820
20948
12192
211
14250
5439
12768
18641
22193
10603
7905
3455
19669
17587
29985
11952
10412
28975
13549
4046
21257
31539
9429
6781
5906
10521
14940
21627
28825
8257
31476
3274
5289
6997
26921
25618
26718
21970
21020
13377
23034
20676
3891
7028
20534
21713
4111
11802
9174
21880
16574
5206
22400
6555
8242
5798
462
19771
6898
24003
7586
24708
32272
27080
13498
22537
5723
1173
6276
29264
20437
13174
7475
18065
26984
27648
2834
16571
4308
4156
14872
7864
31468
30216
3005
21234
19458
32185
14093
28694
25760
31749
6907
536
26233
31521
2807
30839
1438
5926
18883
1474
31221
31161
9858
6235
9448
14571
28690
20603
16218
7518
12955
6006
9183
5034
29544
15424
2348
19710
24310
14640
16588
21259
7499
1797
19989
4893
16521
8487
26971
9355
451
7983
17251
20050
16399
1960
7450
4093
30173
16407
1927
12744
6279
15930
24575
8196
5673
24206
23704
5565
26034
1043
15584
23195
23867
25939
29390
6150
17048
10913
22520
2445
18989
16799
17159
3209
30723
2563
4456
21245
5916
16282
31045
15809
15107
17805
14260
8672
32678
14051
28462
32062
31592
24647
19010
24190
6003
1803
13962
1058
16971
8558
19423
30452
12457
25626
13257
9125
8326
18673
9529
14261
21110
29449
18555
17810
11575
5109
5990
29700
16266
13895
3542
15560
5185
4434
15964
32380
3226
18997
7987
26043
13515
17941
9078
29064
18142
29097
29841
5872
20415
8700
24566
18411
10900
29294
19729
24964
17996
17404
20349
17721
27003
16834
10616
8613
26725
3774
21140
11868
344
215
22192
24343
21312
3358
8487
21009
8821
18771
2119
32176
24535
9899
11525
24936
9757
18896
750
15837
8554
9258
5217
6215
5409
12893
22268
3355
29691
1043
9300
13800
15959
28923
10985
9854
6865
7954
27481
17750
23829
15905
5587
814
28406
7302
23503
13812
20410
31032
2556
6885
7608
14086
32378
17398
24102
21791
20298
29811
30508
20695
13571
12518
4156
21672
3526
1594
19622
22647
3187
19488
5223
5913
26653
26290
24386
32022
8124
19286
13843
29869
9762
19686
24159
13080
2609
29454
25647
27409
28490
24821
30239
2196
27144
3871
18354
23015
5423
23698
28136
18904
29407
15159
27155
3910
28174
31620
22246
30178
4149
31576
27599
9271
16200
15398
19079
744
6124
9302
19175
10553
14309
28648
14589
29393
3277
5211
14687
8895
31500
7117
18367
14266
28932
15203
960
21933
14988
10475
16392
26739
10400
29632
1942
25566
24918
25838
3414
17663
27668
10903
14835
14497
19969
21142
19437
2839
19129
22625
15851
17720
7493
18996
26450
6823
15690
18796
2838
3416
1152
27185
18641
27215
18534
13911
9234
939
15413
22406
5623
19428
12050
11417
23806
13905
31367
20037
32536
237
13620
18171
12799
19290
32194
527
7626
7974
29209
13849
11711
19790
9939
20124
25448
17664
13040
6373
24553
18341
9163
14390
6032
7711
27980
9508
25518
13135
10848
15422
26277
14299
16806
8175
30275
13102
17004
29094
78
9664
3545
9779
7520
8343
8299
31093
17909
30222
4005
17714
24003
26581
4097
16198
2378
30265
5932
25344
427
13477
28274
2505
23229
18281
18807
30470
28510
28347
13609
23360
26631
17147
29426
4738
4004
1596
5170
8707
27298
12031
27116
14597
17481
4161
7360
14589
9804
17081
281
2292
28318
13147
31655
14381
30600
31520
2576
13320
1529
25609
17378
5414
29213
16226
26573
18382
15920
28996
18703
5008
3989
21853
12591
17960
15906
24819
2542
1445
28095
9767
25467
3530
26159
7287
10982
23732
7469
21127
9431
4797
9915
27937
128
2465
32695
6010
5840
26335
26287
18615
10729
11618
14070
687
14549
4705
31223
28147
15220
6532
8906
30476
23225
15432
10245
20739
30998
8356
28629
295
7989
8941
16973
22538
8425
14071
13821
31693
3684
25725
19143
26525
17834
25282
9966
1150
14406
6009
10864
16199
14651
31970
19606
16366
26429
13111
30665
9734
1825
16710
22439
28294
25235
18527
19798
26316
32519
12144
32280
20706
16626
2415
12320
7423
20281
15096
27045
23633
19177
9016
1588
20729
12074
19465
13898
16216
28014
25950
7458
25737
6638
4066
204
13870
15447
15068
16511
20336
6336
6486
1328
12097
1248
29310
24675
11236
7550
20812
19778
16304
28712
22373
18412
4881
27944
14144
28431
26575
13748
6535
25529
18835
6757
29120
23403
10151
24043
1580
6256
15357
4094
12015
15468
25459
5271
4210
10552
19285
11105
21766
25581
6179
2922
10698
11839
27029
26399
718
18957
24541
27767
27256
6965
1580
5486
24615
7085
18039
23733
2583
21968
19067
10920
16005
22773
28159
3712
10259
23622
9817
6090
2413
976
819
25624
25645
31702
11407
13558
1788
24171
521
8735
18170
5952
16220
15345
26721
14778
18984
12831
31333
32071
3315
21158
10846
21491
877
29954
21032
20278
23544
9633
17866
18192
21095
9624
9303
30552
10246
4757
12306
1874
23771
19220
29141
12159
3628
25302
11188
29113
7746
15247
24285
6015
2412
5600
26818
27277
3142
11908
31611
23471
32570
15310
30053
3032
2888
24403
23568
27502
7171
24548
32344
25577
13020
16319
465
16284
32675
773
24425
17362
25163
14959
4936
12573
14830
9789
1019
7659
9488
1392
25810
24410
5928
25913
6022
29774
26461
1201
20767
9920
15501
8394
1557
22361
31379
15494
25014
10047
5322
14695
19655
29743
27085
21542
18286
23244
3201
22952
6736
13110
7766
10285
8950
15327
7881
20683
16245
26266
21550
27931
7502
31733
12716
32050
28563
2249
24201
25042
20555
18959
17063
18146
20760
2805
15439
4636
32535
10546
25390
10758
24072
13206
31901
10531
7855
22245
1318
20842
5241
3301
29507
21495
11875
16822
5992
16641
30488
25442
15684
13324
24665
4021
29253
4191
23970
21583
5466
25017
4619
13559
5116
13632
5484
27698
30831
32442
5316
6676
11589
24063
20956
21847
6693
22702
17959
21162
32202
23584
27885
5707
10574
7066
30888
25560
169
7879
30639
24675
25717
5221
11281
6852
26868
15678
6852
28211
32339
858
5631
29462
28208
4467
18148
29207
21083
32425
31330
3450
26841
25207
13658
5293
26927
25830
21504
13857
16093
7936
14469
857
19752
24456
19699
31553
8220
10216
23640
3776
11986
30059
1830
21392
4847
10924
22234
22862
22893
11599
13532
21709
20638
3054
18598
5552
30573
16470
297
31288
29160
25076
19820
21850
9979
23690
18551
31509
27518
32550
23663
26370
24179
30549
8450
12589
23176
3220
30982
17699
8420
12295
13148
3916
8479
13422
13083
5243
658
16980
25322
10180
21202
23689
30638
12942
32119
2259
18022
17128
28962
28897
12626
21537
5566
3968
28763
1426
30725
15890
14511
13247
20038
13883
1964
10143
14950
23517
5375
20535
27942
25415
12301
14958
3747
10153
3218
15132
4131
17867
17031
32612
19214
20223
1354
30532
4411
10325
22009
20074
4717
27149
13598
26441
15134
21330
6034
3181
28795
9765
8859
19467
19887
32663
29528
12765
18020
59
30047
21292
21127
22747
3236
24879
1868
3946
5789
13715
16755
4154
1699
3419
17609
24431
8604
26090
29937
32436
7383
12382
2916
23340
9271
20256
28343
22443
2964
4537
3869
18215
12126
8936
27692
27497
18563
7409
10212
19464
14227
14391
19181
31128
2851
18445
7712
4383
17775
31178
15689
5064
9539
2587
18219
26332
30235
25758
20165
4077
11145
25004
29140
341
19415
5750
14489
2783
28141
27475
8924
17091
20086
27736
1585
31448
16447
2090
8570
5637
31711
12560
2477
20984
4765
5196
21464
22811
2190
23468
8290
12484
23038
11612
27539
22445
28689
24062
18262
10403
18602
2300
25150
21890
21900
797
32712
3680
22208
23383
17888
10505
13366
24037
934
23724
6831
19865
21873
26067
24537
18290
18964
9880
29116
1137
28001
5910
21846
28073
23532
6687
30850
13974
17426
2605
23327
29103
30777
4762
21357
21310
30296
10515
29114
5744
2235
15178
18239
14504
25600
25835
5189
32537
26214
16850
8588
31380
23623
12411
18668
32158
28130
6329
28989
14534
6750
2731
373
28982
25612
18924
3856
1415
4589
6411
19381
13530
10868
22843
30230
23588
2956
21067
21016
7625
17373
14040
27700
10093
4427
14529
11292
2566
10432
16859
31394
22582
11052
9446
32470
32473
27594
23232
13935
3034
27556
8153
28013
22346
11865
1511
22780
17075
19486
19931
22938
681
25859
7699
10364
9891
22904
26833
29742
21257
27663
5868
12411
24974
12419
19141
7564
23488
27642
20349
19028
989
19079
2149
5675
24553
3571
29878
30136
31485
6589
7043
32533
20706
95
29675
302
6111
30163
7571
10858
